lastAccountName: Oleg_Valeev
timestamps:
  login: 1588147379310
  logout: 1588147929461
ipAddress: 145.255.2.170
logoutlocation:
  world: TravelersDreamCompact
  x: 2338.7226420853926
  y: 11.0
  z: 1046.1317059246503
  yaw: 128.16406
  pitch: 21.600016
lastlocation:
  world: TravelersDreamCompact
  x: 1950.5948022115808
  y: 63.0
  z: 1234.7557902878455
  yaw: -358.52664
  pitch: 3.4499986
money: '6576.034950266203163568'
