lastAccountName: Global_Bank
timestamps:
  login: 1588180847916
  logout: 1588182032592
ipAddress: 176.243.25.178
logoutlocation:
  world: TravelersDreamCompact
  x: 2054.8062364693515
  y: 65.53292827534491
  z: 1230.6944095840367
  yaw: 131.12788
  pitch: 6.9001017
money: '186.235105624234368'
