lastAccountName: Dreyzes
timestamps:
  login: 1588250162768
  logout: 1588250189014
ipAddress: 88.147.153.96
logoutlocation:
  world: TravelersDreamCompact
  x: 1786.1582081056297
  y: 64.0
  z: 1240.5105255215008
  yaw: 341.24985
  pitch: 10.349964
money: '1447.715388314250002828'
