lastAccountName: Ivan_Stark
timestamps:
  login: 1588008827048
  logout: 1588009169784
ipAddress: 31.13.144.114
logoutlocation:
  world: TravelersDreamCompact
  x: 1918.715101747922
  y: 63.0
  z: 1093.237500011921
  yaw: -105.80352
  pitch: 28.650028
