lastAccountName: B1cYcLe
timestamps:
  login: 1587316329168
  logout: 1587317179416
ipAddress: 5.18.241.225
logoutlocation:
  world: TravelersDreamCompact
  x: 1918.7238503988558
  y: 64.0
  z: 1097.1591692823858
  yaw: 17.679504
  pitch: 22.800003
money: '2000'
