lastAccountName: Tronixe
timestamps:
  login: 1588234449696
  logout: 1588237513915
ipAddress: 95.107.87.248
logoutlocation:
  world: TravelersDreamCompact
  x: 1874.8630046850496
  y: 64.5
  z: 1462.0307811359532
  yaw: -176.59253
  pitch: 17.550032
money: '1421.64'
