lastAccountName: Richard_Hopkins
timestamps:
  login: 1588210820133
  logout: 1588210945969
ipAddress: 212.91.215.31
logoutlocation:
  world: TravelersDreamCompact
  x: 1924.8448990517927
  y: 63.0
  z: 1093.5548858114719
  yaw: -272.6125
  pitch: 25.5551
money: '1405.891080000000002'
