lastAccountName: Zen_Krusto
timestamps:
  login: 1588253609096
  logout: 1588255307176
ipAddress: 46.254.247.0
logoutlocation:
  world: TravelersDreamCompact
  x: 1908.6067001170275
  y: 57.0
  z: 1090.5810021479874
  yaw: -78.16705
  pitch: 15.749941
money: '1398.85416000000000'
