lastAccountName: August_Bernett
timestamps:
  login: 1587919228666
  logout: 1587919759169
ipAddress: 2.93.20.10
logoutlocation:
  world: TravelersDreamCompact
  x: 1916.1819836280358
  y: 63.0
  z: 1091.3635076171386
  yaw: -74.40449
  pitch: 8.1000185
