lastAccountName: John_Barateon
timestamps:
  login: 1587314329879
  logout: 1587314596029
ipAddress: 85.95.178.228
logoutlocation:
  world: TravelersDreamCompact
  x: 1925.699999988079
  y: 61.0
  z: 1100.725763592646
  yaw: 353.38605
  pitch: 16.950048
money: '2000'
