lastAccountName: S_H_E_R_L_O_C_K
timestamps:
  login: 1587920079526
  logout: 1587920670306
ipAddress: 188.187.97.133
logoutlocation:
  world: TravelersDreamCompact
  x: 1841.3595189560378
  y: 46.0
  z: 1121.300000011921
  yaw: -200.69989
  pitch: 16.049997
money: '1445.166297629999972057'
