lastAccountName: Mixail_Stark
timestamps:
  login: 1588083938364
  logout: 1588087542251
ipAddress: 31.13.144.114
logoutlocation:
  world: TravelersDreamCompact
  x: 12.138103154148254
  y: 73.0
  z: 353.98611473266607
  yaw: 233.97778
  pitch: -15.449999
lastlocation:
  world: TravelersDreamCompact
  x: 2011.2165553599714
  y: 63.0
  z: 1912.6592259990227
  yaw: 129.84882
  pitch: 9.900005
money: '1438.6086'
