lastAccountName: Neo_Antimar
timestamps:
  login: 1588181370030
  logout: 1588182914512
ipAddress: 91.195.136.124
logoutlocation:
  world: TravelersDreamCompact
  x: 1880.318950625433
  y: 67.0
  z: 1466.0525003260425
  yaw: 172.96448
  pitch: 9.363789
money: '1606.656555900000006145'
